10,73
10,72
10,71
10,70
10,68
10,67
10,66
10,65
10,64
10,31
10,30
10,29
10,28
10,26
10,25
10,24
10,23
10,22
10,21
10,20
10,19
10,18
10,17
10,16
10,15
10,14
10,12
10,11
10,10
10,9
10,7
10,3
10,2
10,1
10,0
9,91
9,90
9,89
9,88
9,87
9,86
9,85
9,84
9,83
9,82
9,81
9,80
9,79
9,67
9,66
9,65
9,64
9,34
9,33
9,32
9,31
9,30
9,29
9,12
9,11
9,10
9,9
9,8
9,6
9,5
9,4
9,3
9,2
9,1
9,0
7,2
7,1
6,2
6,1
5,2
5,1
4,3
2,27
2,26
2,25
2,24
2,23
2,22
2,21
2,20
2,19
2,18
2,17
2,16
2,15
2,14
2,13
2,12
2,11
2,10
2,9
2,8
2,7
2,6
2,5
2,4
2,3
2,2
2,0
1,3
0,300
0,299
0,298
0,297
0,296
0,295
0,294
0,293
0,292
0,291
0,290
0,289
0,288
0,287
0,286
0,285
0,284
0,283
0,282
0,281
0,280
0,279
0,278
0,277
0,276
0,275
0,274
0,273
0,272
0,271
0,270
0,269
0,268
0,267
0,266
0,265
0,264
0,263
0,262
0,261
0,260
0,259
0,258
0,257
0,256
0,255
0,254
0,253
0,252
0,251
0,250
0,249
0,248
0,247
0,246
0,245
0,244
0,243
0,242
0,241
0,240
0,239
0,238
0,237
0,236
0,235
0,234
0,233
0,232
0,231
0,230
0,229
0,228
0,227
0,226
0,225
0,224
0,223
0,222
0,221
0,220
0,219
0,218
0,217
0,216
0,215
0,214
0,213
0,212
0,211
0,210
0,209
0,208
0,207
0,206
0,205
0,204
0,203
0,202
0,201
0,200
0,199
0,198
0,197
0,196
0,195
0,194
0,193
0,192
0,63
0,62
0,61
0,60
0,59
0,58
0,57
0,56
0,55
0,54
0,53
0,52
0,51
0,50
0,46
0,9
0,2
0,1
10,74
10,75
10,77
10,78
10,80
10,81
10,83
10,85
11,0
11,2
11,3
12,1
12,3
12,4
13,1
13,2
13,4
13,5
14,1
14,3
14,4
17,0
17,1
17,3
17,5
18,0
18,2
18,3
19,0
19,1
19,3
19,5
19,6
19,8
20,0
20,2
20,4
20,5
21,0
21,1
21,3
21,4
21,6
22,0
22,1
22,3
22,4
23,1
23,3
23,4
25,0
25,1
25,3
25,5
25,6
25,8
26,0
26,2
26,3
26,5
26,7
26,8
26,10
26,11
26,13
27,1
27,2
27,4
27,5
27,7
27,8
27,10
27,12
27,13
27,15
27,16
27,18
27,20
27,21
27,23
27,24
27,26
27,27
27,29
27,31
27,32
27,34
27,35
27,37
27,39
27,40
27,42
27,43
27,45
27,47
27,48
27,50
27,51
27,53
27,54
27,56
27,58
27,59
27,61
27,62
27,64
27,66
27,67
27,69
27,70
27,72
27,73
27,75
27,77
27,78
27,80
27,128
27,130
27,190
27,192
28,0
28,1
28,3
28,4
28,6
28,8
28,9
28,11
28,12
29,1
29,3
29,4
29,6
30,0
30,2
30,3
30,5
31,1
31,2
31,4
31,5
31,7
32,0
32,1
32,3
32,4
33,1
33,3
33,4
33,6
34,0
34,2
34,3
34,5
36,0
36,1
36,3
37,0
37,2
37,4
37,5
38,0
38,1
38,3
38,4
38,6
39,1
39,2
39,4
39,5
39,7
39,9
39,10
39,12
40,0
40,2
40,3
40,5
41,1
41,2
41,4
41,5
42,0
42,2
42,3
42,5
42,6
43,1
43,3
43,4
43,6
44,0
44,2
44,3
44,5
44,7
44,8
46,1
46,2
46,4
46,6
47,0
47,2
47,3
47,5
48,0
48,2
48,4
48,5
48,7
48,8
48,10
49,0
49,1
49,3
49,4
49,6
51,0
51,2
51,4
51,5
51,7
51,8
51,10
51,12
51,13
51,15
51,16
51,18
51,19
51,21
51,23
51,24
51,26
51,27
51,29
51,31
51,32
51,34
51,35
51,37
51,39
51,40
51,42
51,43
51,45
51,46
51,48
51,50
51,51
51,53
51,54
51,56
51,58
51,59
51,61
51,62
51,64
51,65
51,67
51,69
51,70
51,72
51,73
51,75
51,77
51,78
51,80
51,81
51,83
51,84
51,86
51,88
51,89
51,91
51,92
51,129
51,131
51,171
52,1
52,2
52,4
52,6
52,7
52,9
52,10
52,12
52,13
52,15
52,17
52,18
52,20
52,21
52,23
52,25
52,26
52,28
52,29
52,31
52,32
52,34
52,36
52,37
52,39
52,40
52,42
52,44
52,64
52,66
52,67
52,69
52,70
52,72
52,74
52,75
52,77
52,78
52,80
52,82
52,83
52,85
52,86
52,88
52,90
52,91
53,0
53,1
53,3
53,4
53,6
53,8
53,9
53,11
53,12
53,14
53,16
53,17
53,19
53,20
53,22
53,23
53,25
53,27
53,28
54,0
54,1
54,3
56,1
56,2
56,4
57,0
57,2
57,3
57,5
58,0
58,1
58,3
58,4
59,0
59,2
59,3
59,5
59,6
59,8
59,9
60,1
60,3
60,4
61,0
61,1
61,3
62,0
62,1
62,3
62,4
62,6
63,1
63,2
63,4
63,5
65,0
65,1
65,3
65,5
66,0
66,2
66,3
66,5
67,1
67,2
67,4
67,5
67,7
68,0
68,2
68,4
68,5
70,1
70,2
70,4
71,1
71,2
71,4
71,5
72,1
72,2
72,4
72,6
75,0
75,2
75,3
75,5
75,7
75,8
75,10
75,11
75,13
75,15
75,16
75,18
75,19
75,21
75,22
75,24
75,26
75,27
75,29
75,30
75,32
75,34
75,35
75,37
75,38
75,64
75,65
75,67
75,69
75,70
75,72
75,73
75,75
75,77
75,78
75,80
75,81
75,83
75,84
75,86
75,88
75,89
75,127
76,0
76,2
76,4
76,5
76,7
76,8
76,10
76,11
77,1
77,3
77,4
77,6
78,0
78,2
78,4
78,5
79,0
79,1
79,3
79,5
80,0
80,2
80,3
80,5
81,0
81,2
81,4
81,5
82,0
82,1
82,3
82,5
82,6
83,1
83,2
83,4
83,5
84,0
84,2
84,3
84,5
84,6
84,8
84,10
84,11
84,13
84,14
84,16
84,17
84,19
84,21
84,22
84,24
84,25
84,27
84,29
119,0
119,2
119,3
119,5
119,7
119,8
119,10
119,11
119,13
119,14
119,16
119,18
119,19
119,21
120,0
120,2
120,4
120,5
120,7
120,8
120,10
120,11
120,13
120,15
120,16
120,18
120,19
120,21
120,23
120,24
120,26
120,27
120,29
120,30
120,32
120,34
120,35
121,0
121,1
121,3
122,1
122,2
122,4
122,5
122,7
122,8
122,10
122,12
122,13
122,15
122,16
122,18
122,20
122,21
122,23
122,24
122,26
122,28
122,29
122,31
122,32
122,34
122,35
122,37
122,65
122,66
122,68
122,69
122,71
123,0
123,1
123,3
123,4
123,7
123,8
123,11
124,0
124,1
124,3
124,4
124,6
124,8
124,9
124,11
124,12
124,14
124,15
124,17
124,19
124,20
124,22
124,23
124,25
124,27
124,28
124,30
124,31
124,33
124,35
124,36
124,64
124,65
124,67
124,68
124,70
124,72
124,73
124,75
124,76
124,78
124,80
124,81
124,83
124,84
124,86
124,87
124,89
124,91
124,92
124,94
124,95
124,97
124,99
124,100
124,102
124,103
124,105
124,106
124,108
124,110
124,111
124,113
124,114
124,116
124,118
124,119
124,121
124,122
124,124
124,126
124,127
124,129
124,130
124,132
124,133
124,135
125,1
125,2
125,4
125,5
126,1
126,3
126,4
126,6
126,7
126,9
126,10
126,12
126,14
126,15
126,17
126,18
126,20
126,22
126,23
126,25
126,26
126,28
126,29
126,31
126,33
126,34
126,36
126,37
126,65
126,67
126,68
126,70
126,71
126,73
126,74
126,76
126,80
127,0
127,2
127,3
127,5
128,1
128,2
128,4
128,5
128,7
128,9
128,10
129,0
129,1
129,3
129,4
129,6
129,8
129,9
129,11
129,12
129,14
129,16
129,17
129,19
129,20
130,1
130,2
130,4
131,0
131,1
131,3
131,4
131,6
131,7
131,5
131,2
130,5
130,3
130,0
129,18
129,15
129,13
129,10
129,7
129,5
129,2
128,11
128,8
128,6
128,3
128,0
127,4
127,1
126,79
126,75
126,72
126,69
126,66
126,64
126,35
126,32
126,30
126,27
126,24
126,21
126,19
126,16
126,13
126,11
126,8
126,5
126,2
126,0
125,3
125,0
124,134
124,131
124,128
124,125
124,123
124,120
124,117
124,115
124,112
124,109
124,107
124,104
124,101
124,98
124,96
124,93
124,90
124,88
124,85
124,82
124,79
124,77
124,74
124,71
124,69
124,66
124,37
124,34
124,32
124,29
124,26
124,24
124,21
124,18
124,16
124,13
124,10
124,7
124,5
124,2
123,12
123,10
123,5
123,2
122,72
122,70
122,67
122,64
122,36
122,33
122,30
122,27
122,25
122,22
122,19
122,17
122,14
122,11
122,9
122,6
122,3
122,0
121,2
120,36
120,33
120,31
120,28
120,25
120,22
120,20
120,17
120,14
120,12
120,9
120,6
120,3
120,1
119,20
119,17
119,15
119,12
119,9
119,6
119,4
119,1
84,28
84,26
84,23
84,20
84,18
84,15
84,12
84,9
84,7
84,4
84,1
83,6
83,3
83,0
82,4
82,2
81,6
81,3
81,1
80,4
80,1
79,4
79,2
78,6
78,3
78,1
77,5
77,2
77,0
76,9
76,6
76,3
76,1
75,90
75,87
75,85
75,82
75,79
75,76
75,74
75,71
75,68
75,66
75,39
75,36
75,33
75,31
75,28
75,25
75,23
75,20
75,17
75,14
75,12
75,9
75,6
75,4
75,1
72,5
72,3
72,0
71,3
71,0
70,3
70,0
68,3
68,1
67,6
67,3
67,0
66,4
66,1
65,4
65,2
63,6
63,3
63,0
62,5
62,2
61,4
61,2
60,5
60,2
60,0
59,7
59,4
59,1
58,5
58,2
57,6
57,4
57,1
56,3
56,0
54,2
53,29
53,26
53,24
53,21
53,18
53,15
53,13
53,10
53,7
53,5
53,2
52,92
52,89
52,87
52,84
52,81
52,79
52,76
52,73
52,71
52,68
52,65
52,43
52,41
52,38
52,35
52,33
52,30
52,27
52,24
52,22
52,19
52,16
52,14
52,11
52,8
52,5
52,3
52,0
51,130
51,128
51,90
51,87
51,85
51,82
51,79
51,76
51,74
51,71
51,68
51,66
51,63
51,60
51,57
51,55
51,52
51,49
51,47
51,44
51,41
51,38
51,36
51,33
51,30
51,28
51,25
51,22
51,20
51,17
51,14
51,11
51,9
51,6
51,3
51,1
49,5
49,2
48,11
48,9
48,6
48,3
48,1
47,4
47,1
46,5
46,3
46,0
44,6
44,4
44,1
43,5
43,2
43,0
42,4
42,1
41,6
41,3
41,0
40,4
40,1
39,11
39,8
39,6
39,3
39,0
38,5
38,2
37,6
37,3
37,1
36,2
34,6
34,4
34,1
33,5
33,2
33,0
32,2
31,8
31,6
31,3
31,0
30,4
30,1
29,5
29,2
29,0
28,10
28,7
28,5
28,2
27,193
27,131
27,129
27,79
27,76
27,74
27,71
27,68
27,65
27,63
27,60
27,57
27,55
27,52
27,49
27,46
27,44
27,41
27,38
27,36
27,33
27,30
27,28
27,25
27,22
27,19
27,17
27,14
27,11
27,9
27,6
27,3
27,0
26,12
26,9
26,6
26,4
26,1
25,7
25,4
25,2
23,5
23,2
23,0
22,2
21,7
21,5
21,2
20,6
20,3
20,1
19,7
19,4
19,2
18,4
18,1
17,4
17,2
14,5
14,2
14,0
13,3
13,0
12,2
12,0
11,1
10,84
10,82
10,79
10,76
0,48
5,45
7,44
6,44
5,44
7,43
6,43
5,43
7,42
6,42
5,42
7,41
6,41
5,41
7,40
6,40
5,40
7,39
6,39
5,39
7,38
6,38
5,38
7,37
6,37
5,37
7,36
6,36
5,36
7,35
6,35
5,35
7,34
6,34
5,34
7,33
6,33
5,33
7,32
6,32
5,32
7,31
6,31
5,31
7,30
6,30
5,30
7,29
6,29
5,29
7,28
6,28
5,28
7,27
6,27
5,27
7,26
6,26
5,26
7,25
6,25
5,25
7,24
6,24
5,24
7,23
6,23
5,23
7,22
6,22
5,22
7,21
6,21
5,21
7,20
6,20
5,20
7,19
6,19
5,19
7,18
6,18
5,18
7,17
6,17
5,17
7,16
6,16
5,16
7,15
6,15
5,15
7,14
6,14
5,14
7,13
6,13
5,13
7,12
6,12
5,12
7,11
6,11
5,11
7,10
6,10
5,10
7,9
6,9
5,9
7,8
6,8
5,8
7,7
6,7
5,7
7,6
6,6
5,6
7,5
6,5
5,5
7,4
6,4
5,4
7,3
7,0
6,3
6,0
5,3
5,0
0,6
0,0
0,304
0,303
0,306
0,305
0,302
0,49
0,12
0,45
0,10
0,8
0,47
0,11
0,5
0,7
0,4
0,3
